            CPU0       CPU1       CPU2       CPU3       CPU4       CPU5       CPU6       CPU7       CPU8       CPU9       CPU10      CPU11      CPU12      CPU13      CPU14      CPU15      CPU16      CPU17      CPU18      CPU19      CPU20      CPU21      CPU22      CPU23      CPU24      CPU25      CPU26      CPU27      CPU28      CPU29      CPU30      CPU31      
   0:         37          0          0          0          0          0          0          0          0          0          0          0          0          0          0          0          0          0          0          0          0          0          0          0          0          0          0          0          0          0          0          0  IR-IO-APIC-edge      timer
   8:          1          0          0          0          0          0          0          0          0          0          0          0          0          0          0          0          0          0          0          0          0          0          0          0          0          0          0          0          0          0          0          0  IR-IO-APIC-edge      rtc0
   9:          1          0          0          0          0          0          0          0          0          0          0          0          0          0          0          0          0          0          0          0          0          0          0          0          0          0          0          0          0          0          0          0  IR-IO-APIC-fasteoi   acpi
  16:         58          0          0          0          0          3          0          0          0          0          0          0          0          0          0          0          0          0          0          0          0          0          0          0          0          0          0          0          0          0          0          0  IR-IO-APIC-fasteoi   ehci_hcd:usb1
  23:         29          0          0          0          0          0        951          0          0          0          0          0          0          0          0          0          0          0          0          0          0          0          0          0          0          0          0          0          0          0          0          0  IR-IO-APIC-fasteoi   ehci_hcd:usb2
  88:          0          0          0          0          0          0          0          0          0          0          0          0          0          0          0          0          0          0          0          0          0          0          0          0          0          0          0          0          0          0          0          0  DMAR_MSI-edge      dmar0
  89:          0          0          0          0          0          0          0          0          0          0          0          0          0          0          0          0          0          0          0          0          0          0          0          0          0          0          0          0          0          0          0          0  DMAR_MSI-edge      dmar1
  90:       6837          0          0          0          0          0          0     466156          0          0          0          0          0          0          0          0          0          0          0          0          0          0          0          0          0          0          0          0          0          0          0          0  IR-PCI-MSI-edge      ahci
  91:          1          0          0          0          0          0          0          0          0          0          0          0          0          0          0          0          0          0          0          0          0          0          0          0          0          0          0          0          0          0          0          0  IR-PCI-MSI-edge      eth0
  92:     507008       3704      34970       2340      28605      46572          0          0          0          0          0          0          0          0          0          0      96765       4255        330       1025       1401          0     235577          0          0          0          0          0          0          0          0          0  IR-PCI-MSI-edge      eth0-TxRx-0
  93:       3510       8260       8484      59078      48354          0          0          0          0          0          0          0          0          0          0          0       3811      10183       8507       2711       1753          0        811      55288          0          0          0          0          0          0          0          0  IR-PCI-MSI-edge      eth0-TxRx-1
  94:      19842     157708      40776      10829        209       5393          0          0          0          0          0          0          0          0          0          0      84378     143993      99697       7979      25943      88004          0          0          0          0          0          0          0          0          0          0  IR-PCI-MSI-edge      eth0-TxRx-2
  95:       6931      78547       7199       6194       2687        779          0          0          0          0          0          0          0          0          0          0      95948     299493      25311       1618       3671        217          0          0          0          0          0          0          0          0          0          0  IR-PCI-MSI-edge      eth0-TxRx-3
  96:      39488     170435      86057     245593        657          0         39          0          0          0          0          0          0          0          0          0      96991     112452      12694      72893          0          0          0          0          0          0          0          0          0          0          0          0  IR-PCI-MSI-edge      eth0-TxRx-4
  97:       2639       2321      12506       6250          0          0          0        135          0          0          0          0          0          0          0          0      14181     124992      12153       2035          0       8160          0      28475          0          0          0          0          0          0          0          0  IR-PCI-MSI-edge      eth0-TxRx-5
  98:         33      42794        110       2875      91715          0          0          0          0          0          0          0          0          0          0          0          0          0          0          0          0          0          0          0          0          0          0          0          0          0          0          0  IR-PCI-MSI-edge      eth0-TxRx-6
  99:          9          0          0          0          0      92841          0          0          0          0          0          0          0          0          0          0          0       4880          0          0       4809          0          0          0          0          0          0          0          0          0          0          0  IR-PCI-MSI-edge      eth0-TxRx-7
 100:          0          0          0          0          0          0          0          0          0          0          0          0          0          0          0          0          0          0          0          0          0          0          0          0          0          0          0          0          0          0          0          0  IR-PCI-MSI-edge      eth1
 101:         65       6445       6870       4849          0          0          0        620          0          0          0          0          0          0          0          0      12700       4560      13235      47695          0       4560          0          0          0          0          0          0          0          0          0          0  IR-PCI-MSI-edge      eth1-TxRx-0
 102:      55885       1015        580        180          0        240          0          0          0          0          0          0          0          0          0          0       1150      10780       1245          0      14160       9980       6384          0          0          0          0          0          0          0          0          0  IR-PCI-MSI-edge      eth1-TxRx-1
 103:          5          0          0          0          0          0          0          0          0          0          0          0          0          0          0          0       9174      66300        770      19415       5925         10          0          0          0          0          0          0          0          0          0          0  IR-PCI-MSI-edge      eth1-TxRx-2
 104:        785       3115      15400        900          0          0          0          0          0          0          0          0          0          0          0          0       9539       9115      61890        845          0          0         10          0          0          0          0          0          0          0          0          0  IR-PCI-MSI-edge      eth1-TxRx-3
 105:      24635        750       7010          0          0          0          0          0          0          0          0          0          0          0          0          0       9139       5290       1295      53335        135          0          0         10          0          0          0          0          0          0          0          0  IR-PCI-MSI-edge      eth1-TxRx-4
 106:       2215       4900       1555       1510          0          0          0          0          0          0          0          0          0          0          0          0        955      12234      23385       1420      53425          0          0          0          0          0          0          0          0          0          0          0  IR-PCI-MSI-edge      eth1-TxRx-5
 107:          5        955         55          0       1505          0          0          0          0          0          0          0          0          0          0          0          0        275       6444      29135          0      63225          0          0          0          0          0          0          0          0          0          0  IR-PCI-MSI-edge      eth1-TxRx-6
 108:          5          0         10          0          0          0          0          0          0          0          0          0          0          0          0          0          0          0          0          0          0          0     101584          0          0          0          0          0          0          0          0          0  IR-PCI-MSI-edge      eth1-TxRx-7
 109:          0          0          0          0          0          0          0          0          0          0          0          0          0          0          0          0          0          0          0          0          0          0          0          0          0          0          0          0          0          0          0          0  IR-PCI-MSI-edge      mlx4-comp-0@pci:0000:04:00.0
 110:          0          0          0          0          0          0          0          0          0          0          0          0          0          0          0          0          0          0          0          0          0          0          0          0          0          0          0          0          0          0          0          0  IR-PCI-MSI-edge      mlx4-comp-1@pci:0000:04:00.0
 111:          0          0          0          0          0          0          0          0          0          0          0          0          0          0          0          0          0          0          0          0          0          0          0          0          0          0          0          0          0          0          0          0  IR-PCI-MSI-edge      mlx4-comp-2@pci:0000:04:00.0
 112:     270862      34836     836692          0          0          0        161          0          0          0          0          0          0          0          0          0     244671     248866      25724          0          0          0          0          0          0          0          0          0          0          0          0          0  IR-PCI-MSI-edge      mlx4-async@pci:0000:04:00.0
 113:          1          0          0          0          0          0          0          0          0          0          0          0          0          0          0          0          0          0          0          0          0          0          0          0          0          0          0          0          0          0          0          0  IR-PCI-MSI-edge      eth2-0
 114:          0          5          0          0          0          0          0          0          0          0          0          0          0          0          0          0          0          0          0          0          0          0          0          0          0          0          0          0          0          0          0          0  IR-PCI-MSI-edge      eth2-1
 115:          0          0         23          0          0          0          0          0          0          0          0          0          0          0          0          0          0          0          0          0          0          0          0          0          0          0          0          0          0          0          0          0  IR-PCI-MSI-edge      eth2-2
 116:          0          0          0          0          0          0          0          0          0          0          0          0          0          0          0          0          0          0          0          0          0          0          0          0          0          0          0          0          0          0          0          0  IR-PCI-MSI-edge      eth2-3
 117:          0          0          0          0          0          0          0          0          0          0          0          0          0          0          0          0          0          0          0          0          0          0          0          0          0          0          0          0          0          0          0          0  IR-PCI-MSI-edge      eth2-4
 118:          0          0          0          0          0     504639          0          0          0          0          0          0          0          0          0          0          0          0          0          0          0          0          0          0          0          0          0          0          0          0          0          0  IR-PCI-MSI-edge      eth2-5
 119:          0          0          0          0          0          0          0          0          0          0          0          0          0          0          0          0          0          0          0          0          0          0          0          0          0          0          0          0          0          0          0          0  IR-PCI-MSI-edge      eth2-6
 120:          0          0          0          0          0          0          0          0          0          0          0          0          0          0          0          0          0          0          0          0          0          0          0          0          0          0          0          0          0          0          0          0  IR-PCI-MSI-edge      eth2-7
 121:        777          0          0          0          0          0          0          0          0          0          0          0          0          0          0          0          0          0          0          0          0          0          0          0          0          0          0          0          0          0          0          0  IR-PCI-MSI-edge      eth3-0
 122:          0        795          0          0          0          0          0          0          0          0          0          0          0          0          0          0          0          0          0          0          0          0          0          0          0          0          0          0          0          0          0          0  IR-PCI-MSI-edge      eth3-1
 123:          0          0        587          0          0          0          0          0          0          0          0          0          0          0          0          0          0          0          0          0          0          0          0          0          0          0          0          0          0          0          0          0  IR-PCI-MSI-edge      eth3-2
 124:          0          0          0        866          0          0          0          0          0          0          0          0          0          0          0          0          0          0          0          0          0          0          0          0          0          0          0          0          0          0          0          0  IR-PCI-MSI-edge      eth3-3
 125:          0          0          0          0        647          0          0          0          0          0          0          0          0          0          0          0          0          0          0          0          0          0          0          0          0          0          0          0          0          0          0          0  IR-PCI-MSI-edge      eth3-4
 126:          0          0          0          0          0 1308818560          0          0          0          0          0          0          0          0          0          0          0          0          0          0          0          0          0          0          0          0          0          0          0          0          0          0  IR-PCI-MSI-edge      eth3-5
 127:          0          0          0          0          0          0        453          0          0          0          0          0          0          0          0          0          0          0          0          0          0          0          0          0          0          0          0          0          0          0          0          0  IR-PCI-MSI-edge      eth3-6
 128:          0          0          0          0          0          0          0        723          0          0          0          0          0          0          0          0          0          0          0          0          0          0          0          0          0          0          0          0          0          0          0          0  IR-PCI-MSI-edge      eth3-7
 147:          2          0          0          0          0          0          0          0          0          0          0          0          0          0          0          0          0          0          0          0          0          0          0          0          0          0          0          0          0          0          0          0  IR-PCI-MSI-edge      ioat-msix
 148:          2          0          0          0          0          0          0          0          0          0          0          0          0          0          0          0          0          0          0          0          0          0          0          0          0          0          0          0          0          0          0          0  IR-PCI-MSI-edge      ioat-msix
 149:          2          0          0          0          0          0          0          0          0          0          0          0          0          0          0          0          0          0          0          0          0          0          0          0          0          0          0          0          0          0          0          0  IR-PCI-MSI-edge      ioat-msix
 150:          2          0          0          0          0          0          0          0          0          0          0          0          0          0          0          0          0          0          0          0          0          0          0          0          0          0          0          0          0          0          0          0  IR-PCI-MSI-edge      ioat-msix
 151:          2          0          0          0          0          0          0          0          0          0          0          0          0          0          0          0          0          0          0          0          0          0          0          0          0          0          0          0          0          0          0          0  IR-PCI-MSI-edge      ioat-msix
 152:          2          0          0          0          0          0          0          0          0          0          0          0          0          0          0          0          0          0          0          0          0          0          0          0          0          0          0          0          0          0          0          0  IR-PCI-MSI-edge      ioat-msix
 153:          2          0          0          0          0          0          0          0          0          0          0          0          0          0          0          0          0          0          0          0          0          0          0          0          0          0          0          0          0          0          0          0  IR-PCI-MSI-edge      ioat-msix
 154:          2          0          0          0          0          0          0          0          0          0          0          0          0          0          0          0          0          0          0          0          0          0          0          0          0          0          0          0          0          0          0          0  IR-PCI-MSI-edge      ioat-msix
 155:          0          0          0          0          0          0          0          0          2          0          0          0          0          0          0          0          0          0          0          0          0          0          0          0          0          0          0          0          0          0          0          0  IR-PCI-MSI-edge      ioat-msix
 156:          0          0          0          0          0          0          0          0          2          0          0          0          0          0          0          0          0          0          0          0          0          0          0          0          0          0          0          0          0          0          0          0  IR-PCI-MSI-edge      ioat-msix
 157:          0          0          0          0          0          0          0          0          2          0          0          0          0          0          0          0          0          0          0          0          0          0          0          0          0          0          0          0          0          0          0          0  IR-PCI-MSI-edge      ioat-msix
 158:          0          0          0          0          0          0          0          0          2          0          0          0          0          0          0          0          0          0          0          0          0          0          0          0          0          0          0          0          0          0          0          0  IR-PCI-MSI-edge      ioat-msix
 159:          0          0          0          0          0          0          0          0          2          0          0          0          0          0          0          0          0          0          0          0          0          0          0          0          0          0          0          0          0          0          0          0  IR-PCI-MSI-edge      ioat-msix
 160:          0          0          0          0          0          0          0          0          2          0          0          0          0          0          0          0          0          0          0          0          0          0          0          0          0          0          0          0          0          0          0          0  IR-PCI-MSI-edge      ioat-msix
 161:          0          0          0          0          0          0          0          0          2          0          0          0          0          0          0          0          0          0          0          0          0          0          0          0          0          0          0          0          0          0          0          0  IR-PCI-MSI-edge      ioat-msix
 162:          0          0          0          0          0          0          0          0          2          0          0          0          0          0          0          0          0          0          0          0          0          0          0          0          0          0          0          0          0          0          0          0  IR-PCI-MSI-edge      ioat-msix
 163:          0          0          0          0          0          0          0          0     585016          0          0          0          0          0          0          0          0          0          0          0          0          0          0          0          0          0          0          0          0          0          0          0  IR-PCI-MSI-edge      nvidia
 164:          0          0          0          0          0          0          0          0     586630          0          0          0          0          0          0          0          0          0          0          0          0          0          0          0          0          0          0          0          0          0          0          0  IR-PCI-MSI-edge      nvidia
 NMI:       4391       3835       3866       3810       3995       4455       3928       3952       3915       3690       3695       3629       3625       3546       3504       3581       5927       5900       5709       5875       5687       5608       5792       5845       5825       5841       5802       5831       5822       5826       5807       5831   Non-maskable interrupts
 LOC:   11009157    9732405   10347360    9299111    9486011    9714582   10217207    9531331   10389993   12227748   11172478   10887139   10841839   10751190   10602970   10226077   13815576   13707346   13286456   13571467   13295305   18120263   13911345   13522059   13855040   13936206   14037135   13807965   13836986   13865499   13572870   14716068   Local timer interrupts
 SPU:          0          0          0          0          0          0          0          0          0          0          0          0          0          0          0          0          0          0          0          0          0          0          0          0          0          0          0          0          0          0          0          0   Spurious interrupts
 PMI:       4390       3834       3865       3809       3994       4454       3927       3951       3914       3689       3694       3628       3624       3545       3503       3580       5926       5899       5708       5874       5686       5607       5791       5844       5824       5840       5801       5830       5821       5825       5806       5830   Performance monitoring interrupts
 IWI:          1          1          1          1          0          0          0          0          0          1          1          1          1          1          1          0          0          0          1          1          0          0          1          0          2          1          0          1          1          1          1          1   IRQ work interrupts
 RTR:          0          0          0          0          0          0          0          0          0          0          0          0          0          0          0          0          0          0          0          0          0          0          0          0          0          0          0          0          0          0          0          0   APIC ICR read retries
 RES:    6286755    4474436    2591388    1629430    1081202    1177446    1008795     766395     702812     667569     607153     590691     559680     539289     511817     505861     108239     117085      96383      85436      92054    1349683     127869      97169      99472     102832     104741     103564     115744     116321     116363     129845   Rescheduling interrupts
 CAL:      39622      20446      20558      21047      20950      21055      19867      19772      46877      25184      31297      29065      30347      34354      40563      32203        801        560        636 4294966555        459 4294967060 4294966727 4294966765       8305      15291       9530       8198       7314       8728       5327       9522   Function call interrupts
 TLB:    1434624    1245433    1368021    1301407    1322918     897715    1224119    1378413    1332124    1191289    1274974    1239374    1153118    1084113    1063073    1126348    1801904    1819110    1594315    1772504    1503263    1456677    1654631    1703379    1826374    1712193    1768595    1834801    1786920    1764720    1848408    1871314   TLB shootdowns
 TRM:          0          0          0          0          0          0          0          0          0          0          0          0          0          0          0          0          0          0          0          0          0          0          0          0          0          0          0          0          0          0          0          0   Thermal event interrupts
 THR:          0          0          0          0          0          0          0          0          0          0          0          0          0          0          0          0          0          0          0          0          0          0          0          0          0          0          0          0          0          0          0          0   Threshold APIC interrupts
 MCE:          0          0          0          0          0          0          0          0          0          0          0          0          0          0          0          0          0          0          0          0          0          0          0          0          0          0          0          0          0          0          0          0   Machine check exceptions
 MCP:        679        679        679        679        679        679        679        679        679        679        679        679        679        679        679        679        679        679        679        679        679        679        679        679        679        679        679        679        679        679        679        679   Machine check polls
 HYP:          0          0          0          0          0          0          0          0          0          0          0          0          0          0          0          0          0          0          0          0          0          0          0          0          0          0          0          0          0          0          0          0   Hypervisor callback interrupts
 ERR:          0
 MIS:          0
